#      redshift  SFRD_min     SFRd_max   (SFRD represents the total - unobscured + obscured - )
    0.00000   0.00473342   0.00867569
     0.250000   0.00928006    0.0171207
     0.500000    0.0153475    0.0285376
     0.750000    0.0239580    0.0452813
      1.00000    0.0343538    0.0657854
      1.25000    0.0464268    0.0905169
      1.50000    0.0583981     0.117246
      1.75000    0.0666373     0.140975
      2.00000    0.0690105     0.153980
      2.25000    0.0639945     0.147438
      2.50000    0.0558877     0.126833
      2.75000    0.0463040     0.100231
      3.00000    0.0366397    0.0783289
      3.25000    0.0278204    0.0653734
      3.50000    0.0207585    0.0557776
      3.75000    0.0159177    0.0474797
      4.00000    0.0124468    0.0406036
      4.25000    0.0101089    0.0351421
      4.50000   0.00833268    0.0304895
      4.75000   0.00693740    0.0268968
      5.00000   0.00577955    0.0237794
      5.25000   0.00504732    0.0212130
      5.50000   0.00442043    0.0189260
      5.75000   0.00392857    0.0170198
      6.00000   0.00348673    0.0152929
      6.25000   0.00316217    0.0139384
      6.50000   0.00286233    0.0126994
      6.75000   0.00256413    0.0116377
      7.00000   0.00227865    0.0106503
      7.25000   0.00211098   0.00980023
      7.50000   0.00195017   0.00899960
      7.75000   0.00179462   0.00824282
      8.00000   0.00164291   0.00752005
      8.25000   0.00149421   0.00682815
      8.50000   0.00134774   0.00616045
